function [R]=matrixc_traniso(kappa,mu,R13,R44)

lamda=kappa-2*mu/3;

C11=2*mu+lamda;
C33=C11;  % changed
C66=mu;
C44=R44*mu; % changed
C12=lamda; % changed
C13=lamda*R13;  % changed
R(1:3,1:3,1:3,1:3) = 0;


R(1,1,1,1)=C11;
R(2,2,2,2)=C11;
R(3,3,3,3)=C33;
R(2,3,2,3)=C44;
R(2,3,3,2)=C44;
R(3,2,3,2)=C44;
R(3,2,2,3)=C44;
R(2,1,2,1)=C66;
R(2,1,1,2)=C66;
R(1,2,2,1)=C66;
R(1,2,1,2)=C66;
R(1,3,1,3)=C44;
R(1,3,3,1)=C44;
R(3,1,1,3)=C44;
R(3,1,3,1)=C44;
R(1,1,2,2)=C12;
R(2,2,1,1)=C12;
R(1,1,3,3)=C13;
R(2,2,3,3)=C13;
R(3,3,1,1)=C13;
R(3,3,2,2)=C13;

