function[inputorien]=rotation37(numc)
numc=37;
inputorien=zeros(3,numc);

inputorien(:,1)=[1 0 0]';
inputorien(:,2)=[0 1 0]';
inputorien(:,3)=[0 0 1]';
inputorien(:,4)=[0.707106781 0.707106781 0]';
inputorien(:,5)=[0.707106781 -0.707106781 0]';
inputorien(:,6)=[0.707106781 0 0.707106781]';
inputorien(:,7)=[0.707106781 0 -0.707106781]';
inputorien(:,8)=[0 0.707106781 0.707106781]';
inputorien(:,9)=[0 0.707106781 -0.707106781]';
inputorien(:,10)=[0.951077869651 0.308951267775 0]';
inputorien(:,11)=[0.951077869651 -0.308951267775 0]';
inputorien(:,12)=[0.308951267775 0.951077869651 0]';
inputorien(:,13)=[0.308951267775 -0.951077869651 0]';
inputorien(:,14)=[0.951077869651 0 0.308951267775]';
inputorien(:,15)=[0.951077869651 0 -0.308951267775]';
inputorien(:,16)=[0.308951267775 0 0.951077869651]';
inputorien(:,17)=[0.308951267775 0 -0.951077869651]';
inputorien(:,18)=[0 0.951077869651 0.308951267775]';
inputorien(:,19)=[0 0.951077869651 -0.308951267775]';
inputorien(:,20)=[0 0.308951267775 0.951077869651]';
inputorien(:,21)=[0 0.308951267775 -0.951077869651]';
inputorien(:,22)=[0.335154591939 0.335154591939 0.880535518310]';
inputorien(:,23)=[0.335154591939 0.335154591939 -0.880535518310]';
inputorien(:,24)=[0.335154591939 -0.335154591939 0.880535518310]';
inputorien(:,25)=[0.335154591939 -0.335154591939 -0.880535518310]';
inputorien(:,26)=[0.335154591939 0.880535518310 0.335154591939]';
inputorien(:,27)=[0.335154591939 0.880535518310 -0.335154591939]';
inputorien(:,28)=[0.335154591939 -0.880535518310 0.335154591939]';
inputorien(:,29)=[0.335154591939 -0.880535518310 -0.335154591939]';
inputorien(:,30)=[0.880535518310 0.335154591939 0.335154591939]';
inputorien(:,31)=[0.880535518310 0.335154591939 -0.335154591939]';
inputorien(:,32)=[0.880535518310 -0.335154591939 0.335154591939]';
inputorien(:,33)=[0.880535518310 -0.335154591939 -0.335154591939]';
inputorien(:,34)=[0.577350269190 0.577350269190  0.577350269190]';
inputorien(:,35)=[0.577350269190 0.577350269190  -0.577350269190]';
inputorien(:,36)=[0.577350269190 -0.577350269190  0.577350269190]';
inputorien(:,37)=[0.577350269190 -0.577350269190  -0.577350269190]';

end